Generated by GetData Graph Digitizer 2.26.0.20 on April 09 2019, 00:28
from file 'D:\Labs\quant-hall-effect\fig\17.jpg'

Line #1
 6.27387854936859e-001    2.14712326849673e+000
 6.34743539818668e-001    2.14920134159538e+000
 6.20137210249674e-001    2.13568489377242e+000
 6.12880344503126e-001    2.14454272521880e+000
 6.05621564584466e-001    2.15964554317924e+000
 5.98362784665807e-001    2.17474836113967e+000
 5.91104483290175e-001    2.18828993247160e+000
 5.83847139000599e-001    2.19870901054649e+000
 5.76489061403651e-001    2.20443717059042e+000
 5.69130505263674e-001    2.21172657726287e+000
 5.61771470580670e-001    2.22057723056383e+000
 5.54514604834122e-001    2.22943506201020e+000
 5.47155091608090e-001    2.23984696193968e+000
 5.39897747318514e-001    2.25026604001457e+000
 5.32538234092482e-001    2.26067793994405e+000
 5.25177763780394e-001    2.27421233313055e+000
 5.17918505318707e-001    2.29087639771950e+000
 5.10761415793475e-001    2.30754764045387e+000
 5.03707452290756e-001    2.32110356807663e+000
 4.96551319851580e-001    2.33465231755398e+000
 4.89293018475948e-001    2.34819388888590e+000
 4.82033281471233e-001    2.36641920010337e+000
 4.74875234859945e-001    2.38621293609477e+000
 4.67615497855230e-001    2.40443824731223e+000
 4.60356239393542e-001    2.42110231190119e+000
 4.53096980931855e-001    2.43776637649014e+000
 4.45835808298056e-001    2.46067542759315e+000
 4.38778016451113e-001    2.48672132824403e+000
 4.31618055667714e-001    2.51276005074949e+000
 4.24458573427343e-001    2.53723752662643e+000
 4.17400781580400e-001    2.56328342727731e+000
 4.10342511190430e-001    2.59089057455670e+000
 4.03285676429543e-001    2.61381398195055e+000
 3.96024503795744e-001    2.63672303305357e+000
 3.88864064469317e-001    2.66432300218754e+000
 3.81906527386718e-001    2.69662106749790e+000
 3.74948511761092e-001    2.73048037943677e+000
 3.67888327199010e-001    2.76433251323022e+000
 3.60930790116412e-001    2.79663057854058e+000
 3.53769872246957e-001    2.82579179430306e+000
 3.46608475834474e-001    2.85651425669407e+000
 3.39751193516221e-001    2.89506448666390e+000
 3.32994165962311e-001    2.93986688129321e+000
 3.26237616951430e-001    2.98310802929401e+000
 3.19379377547120e-001    3.02478075252087e+000
 3.12724040386639e-001    3.07115157192412e+000
 3.06271605469986e-001    3.12222048750375e+000
 2.99717001616877e-001    3.17328222493795e+000
 2.93161919220741e-001    3.22590520900068e+000
 2.86911429461860e-001    3.28479471401371e+000
 2.80660461159952e-001    3.34524546565527e+000
 2.74410449944100e-001    3.40257372403979e+000
 2.68159960185220e-001    3.46146322905283e+000
 2.62010682276740e-001    3.52348240546831e+000
 2.55760192517860e-001    3.58237191048135e+000
 2.49510181302008e-001    3.63970016886587e+000
 2.43463072329984e-001    3.70172652342677e+000
 2.37720077452189e-001    3.77158064556651e+000
 2.32078294424794e-001    3.84456443910869e+000
 2.26436511397400e-001    3.91754823265087e+000
 2.20794728370005e-001    3.99053202619305e+000
 2.15051733492210e-001    4.06038614833279e+000
 2.09410429007843e-001    4.13180869524645e+000
 2.04074195703760e-001    4.20793651648192e+000
 1.98941343186534e-001    4.28720118726525e+000
 1.93706321732852e-001    4.36645867990317e+000
 1.88267919492314e-001    4.44257932299321e+000
 1.82931686188231e-001    4.51870714422868e+000
 1.78002693000890e-001    4.59954741793137e+000
 1.73378292450804e-001    4.68665421258437e+000
 1.68651722964263e-001    4.77375382909195e+000
 1.63925632020750e-001    4.85929219897101e+000
 1.59199062534208e-001    4.94639181547859e+000
 1.54472493047667e-001    5.03349143198617e+000
 1.49950261434038e-001    5.12060540478459e+000
 1.45529241670809e-001    5.21084904898546e+000
 1.41006531514152e-001    5.29952426841239e+000
 1.36585511750923e-001    5.38976791261326e+000
 1.32572210647463e-001    5.48316276265283e+000
 1.28456740607546e-001    5.57655043454698e+000
 1.24137889780773e-001    5.66680125689326e+000
 1.19819038954001e-001    5.75705207923955e+000
 1.15703568914084e-001    5.85043975113370e+000
 1.11893170054452e-001    5.94853269734965e+000
 1.08083249737848e-001    6.04506439693709e+000
 1.04477667294156e-001    6.14161045281536e+000
 1.00973296700865e-001    6.24128618009608e+000
 9.73672357141447e-002    6.33939348260287e+000
 9.35577939405686e-002    6.43436393556179e+000
 8.99522114968766e-002    6.53090999144006e+000
 8.63461505101568e-002    6.62901729394685e+000
 8.27405680664648e-002    6.72556334982512e+000
 7.92361974731732e-002    6.82523907710584e+000
 7.60378551462218e-002    6.92649758545133e+000
 7.26356534893862e-002    7.02618049087747e+000
 6.89279021092382e-002    7.12271936861033e+000
 6.54240100589745e-002    7.22083384926254e+000
 6.27355553282476e-002    7.32525074159215e+000

Line #2
 6.37212821842618e-001    9.31687384588881e-002
 6.44571377982594e-001    8.58793317864430e-002
 6.30054296688303e-001    1.14523721078803e-001
 6.22797430941755e-001    1.23381552525182e-001
 6.15641777045607e-001    1.35369055374008e-001
 6.08384432756031e-001    1.45788133448901e-001
 6.01026833702111e-001    1.49955046864317e-001
 5.93668756105162e-001    1.55683206908247e-001
 5.86410454729530e-001    1.69224778240170e-001
 5.79151196267843e-001    1.85888842829122e-001
 5.71890980720100e-001    2.05675400675105e-001
 5.64631243715384e-001    2.23900711892572e-001
 5.57372463796724e-001    2.39003529853010e-001
 5.50113683878065e-001    2.54106347813447e-001
 5.42854903959405e-001    2.69209165773885e-001
 5.35596602583773e-001    2.82750737105808e-001
 5.28337822665114e-001    2.97853555066245e-001
 5.21077607117371e-001    3.17640112912227e-001
 5.13715222633171e-001    3.37419492612791e-001
 5.06556697478856e-001    3.58774475232707e-001
 4.99398172324541e-001    3.80129457852622e-001
 4.92442549414054e-001    4.06182536648919e-001
 4.85588138353968e-001    4.35365286847664e-001
 4.78632036900453e-001    4.62979612272475e-001
 4.71471597574026e-001    4.90579581406450e-001
 4.64311158247599e-001    5.18179550540425e-001
 4.57253366400657e-001    5.44225451191303e-001
 4.50195574553714e-001    5.70271351842181e-001
 4.43137304163743e-001    5.97878499121574e-001
 4.36079033773772e-001    6.25485646400968e-001
 4.29020284840774e-001    6.54654040308876e-001
 4.21960100278691e-001    6.88506174102328e-001
 4.14899915716609e-001    7.22358307895780e-001
 4.07839731154527e-001    7.56210441689233e-001
 4.00982927379301e-001    7.93199425030552e-001
 3.94125166518019e-001    8.33310901628901e-001
 3.87470786443594e-001    8.76559227775116e-001
 3.80713758889685e-001    9.21361622404427e-001
 3.73956252792747e-001    9.67725263662254e-001
 3.67300915632266e-001    1.01409608306550e+000
 3.60544366621385e-001    1.05733723106630e+000
 3.53889508003931e-001    1.10214680384103e+000
 3.47336339779906e-001    1.14852480138969e+000
 3.40680524076397e-001    1.19645686742145e+000
 3.34125920223288e-001    1.24751860485566e+000
 3.27673485306635e-001    1.29858752043528e+000
 3.21118402910499e-001    1.35121050449801e+000
 3.14766701301218e-001    1.40697033810859e+000
 3.08414521148910e-001    1.46429141834770e+000
 3.02063298082658e-001    1.51849000532977e+000
 2.95711596473377e-001    1.57424983894036e+000
 2.89664487501353e-001    1.63627619350127e+000
 2.83820280773158e-001    1.70300064423855e+000
 2.77975595501935e-001    1.77128634160435e+000
 2.72029219837283e-001    1.83800361419622e+000
 2.66184534566060e-001    1.90628931156202e+000
 2.60441539688265e-001    1.97614343370175e+000
 2.54698066267442e-001    2.04755880247000e+000
 2.49260142569932e-001    2.12211819893153e+000
 2.43923909265849e-001    2.19824602016700e+000
 2.38485985568339e-001    2.27280541662853e+000
 2.33251442657684e-001    2.35050166263793e+000
 2.28220280533887e-001    2.43133475819520e+000
 2.23290808803517e-001    2.51373627852640e+000
 2.18259646679719e-001    2.59456937408366e+000
 2.13024625226037e-001    2.67382686672158e+000
 2.07993463102239e-001    2.75465996227885e+000
 2.03063991371869e-001    2.83706148261005e+000
 1.98235731491900e-001    2.92259267434369e+000
 1.93406993068902e-001    3.00968511270586e+000
 1.88985973305674e-001    3.09992875690672e+000
 1.84768812872329e-001    3.19174800402694e+000
 1.80551652438984e-001    3.28356725114716e+000
 1.76131111218783e-001    3.37224964871951e+000
 1.71710091455554e-001    3.46249329292037e+000
 1.67493409565238e-001    3.55275129341208e+000
 1.63479629918749e-001    3.64770739008016e+000
 1.59567540665689e-001    3.74423191152218e+000
 1.55655929955657e-001    3.83919518633568e+000
 1.51642628852197e-001    3.93259003637525e+000
 1.47731018142164e-001    4.02755331118875e+000
 1.43920619282532e-001    4.12564625740471e+000
 1.40212867902384e-001    4.22218513513756e+000
 1.36607285458692e-001    4.31873119101583e+000
 1.33205083801857e-001    4.41841409644197e+000
 1.29701191751593e-001    4.51652857709418e+000
 1.26197778244357e-001    4.61308181111787e+000
 1.22999914460434e-001    4.71277907283485e+000
 1.20005431463367e-001    4.81561318409969e+000
 1.16909258072871e-001    4.91687887059060e+000
 1.13914775075804e-001    5.01971298185544e+000
 1.10818601685309e-001    5.12097866834635e+000
 1.07824597231270e-001    5.22225153298268e+000
 1.04932283170659e-001    5.32509282239294e+000
 1.01937800173592e-001    5.42792693365779e+000
 9.88416267830962e-002    5.52919262014870e+000
 9.55415940627167e-002    5.62888270372025e+000
 9.22415613423371e-002    5.72857278729181e+000
 8.91453879518418e-002    5.82983847378272e+000
 8.63547642846589e-002    5.93424818796692e+000
 8.37684784903882e-002    6.03867225844195e+000
 8.12838830895456e-002    6.14466475369091e+000
 7.87997662317309e-002    6.24909600231136e+000
 7.63151708308883e-002    6.35508849756033e+000
 7.35245471637054e-002    6.45949821174452e+000
 7.06322331030943e-002    6.56233950115478e+000
 6.79437783723675e-002    6.66675639348440e+000
 6.53570140350688e-002    6.77274171058794e+000
 6.26685593043420e-002    6.87715860291756e+000
 6.00827520530991e-002    6.98002142676407e+000
 5.73942973223723e-002    7.08443831909369e+000
 5.47058425916455e-002    7.18885521142330e+000
 5.21190782543468e-002    7.29484052852685e+000
